% Solución:
%   C =
%       0.0009
%       0.0016
%       0.0023
%       0.0017
%       0.0007

A = [  98,    9,    2,    1,  0.5;
       11,  118,    9,    4, 0.88;
       27,   27,   85,    8,    2;
        1,    3,   17,  142,   25;
        2,    4,    7,   17,  118];

b = [0.1100;
     0.2235;
     0.2800;
     0.3000;
     0.1400];

C = A \ b