%1a
A = [ 2.3, -3.6,  1.9, -7.9;
      4.9,  5.9, -8.1,  3.7;
      2.5,  1.0,  4.7, -9.5;
     -2.3,  6.4,  0.1,  1.1];

%1b
C = [ 2.3, -3.6;
      4.9,  5.9;
      2.5,  1.0;
     -2.3,  6.4];

%1c
b = [ 5.2;
      9.9;
      3.5;
     -7.3];

%1d
d = [ 4.9,  5.9, -8.1,  3.7];

%1e
t = [ 6.4,  1.0,  5.9, -3.6];